2.653333333333332544e-01 5.183333333333334236e-02 6.270000000000000018e-01 2.146666666666666698e-09 9.966666666666665897e-01
3.133333333333332416e-01 4.150000000000000216e-02 6.550000000000000266e-01 1.960000000000000263e-09 9.300000000000000488e-01
3.719999999999999973e-01 5.783333333333334075e-02 7.189999999999999725e-01 2.306666666666666559e-09 9.593333333333333712e-01
2.706666666666667220e-01 5.516666666666665553e-02 6.709999999999999298e-01 2.426666666666666559e-09 9.446666666666666545e-01
3.240000000000000102e-01 5.316666666666666069e-02 6.310000000000000053e-01 1.853333333333333758e-09 9.979999999999999982e-01
3.586666666666667447e-01 4.116666666666666391e-02 6.969999999999999529e-01 2.000000000000000125e-09 9.526666666666666616e-01
2.786666666666667291e-01 5.249999999999999806e-02 7.289999999999999813e-01 2.386666666666666283e-09 9.393333333333333535e-01
3.400000000000000244e-01 4.050000000000000128e-02 6.370000000000000107e-01 2.173333333333333687e-09 9.633333333333333748e-01
3.639999999999999902e-01 5.716666666666665730e-02 6.829999999999999405e-01 1.720000000000000057e-09 9.753333333333333854e-01
2.919999999999999818e-01 5.116666666666665891e-02 6.769999999999999352e-01 1.786666666666666494e-09 9.206666666666667442e-01
3.106666666666667576e-01 4.016666666666666996e-02 7.069999999999999618e-01 2.320000000000000260e-09 9.713333333333333819e-01
3.773333333333332984e-01 5.683333333333333987e-02 6.250000000000000000e-01 2.120000000000000124e-09 9.779999999999999805e-01
2.413333333333333164e-01 5.349999999999999895e-02 6.909999999999999476e-01 2.093333333333333549e-09 9.793333333333333890e-01
3.293333333333333113e-01 4.316666666666665875e-02 6.789999999999999369e-01 2.466666666666666420e-09 9.326666666666666439e-01
3.613333333333332842e-01 5.149999999999999717e-02 6.390000000000000124e-01 1.746666666666666839e-09 9.540000000000000702e-01
2.760000000000000231e-01 5.883333333333333470e-02 6.430000000000000160e-01 1.986666666666666424e-09 9.659999999999999698e-01
3.453333333333332700e-01 4.416666666666665964e-02 6.990000000000000657e-01 1.800000000000000195e-09 9.886666666666665826e-01
3.933333333333333126e-01 4.783333333333333881e-02 6.510000000000000231e-01 2.333333333333333548e-09 9.380000000000000560e-01
2.866666666666667362e-01 4.916666666666665714e-02 7.050000000000000711e-01 2.480000000000000121e-09 9.873333333333333961e-01
3.079999999999999960e-01 4.083333333333333259e-02 6.630000000000000338e-01 1.733333333333333552e-09 9.646666666666666723e-01
3.746666666666667034e-01 5.416666666666666158e-02 6.330000000000000071e-01 2.080000000000000262e-09 9.233333333333333393e-01
2.546666666666666523e-01 4.716666666666665536e-02 6.229999999999999982e-01 2.026666666666666286e-09 9.340000000000000524e-01
2.946666666666667433e-01 5.550000000000000072e-02 6.949999999999999512e-01 1.813333333333333689e-09 9.939999999999999947e-01
3.986666666666667247e-01 4.216666666666665786e-02 6.870000000000000551e-01 2.373333333333333823e-09 9.619999999999999662e-01
2.493333333333333235e-01 5.216666666666665980e-02 7.129999999999999671e-01 1.946666666666666562e-09 9.433333333333333570e-01
3.213333333333332487e-01 4.250000000000000305e-02 6.690000000000000391e-01 2.159999999999999986e-09 9.993333333333334068e-01
3.906666666666667176e-01 5.649999999999999467e-02 6.469999999999999085e-01 2.453333333333333547e-09 9.553333333333333677e-01
2.626666666666667149e-01 4.183333333333333348e-02 6.570000000000000284e-01 2.106666666666666423e-09 9.673333333333333783e-01
3.320000000000000173e-01 5.983333333333333559e-02 6.289999999999998925e-01 2.266666666666666284e-09 9.420000000000000595e-01
3.826666666666667105e-01 5.283333333333334325e-02 7.269999999999999796e-01 1.933333333333333688e-09 9.766666666666666829e-01
2.573333333333333028e-01 4.850000000000000144e-02 6.450000000000000178e-01 2.413333333333333685e-09 9.739999999999999769e-01
2.999999999999999889e-01 4.283333333333334131e-02 7.170000000000000817e-01 1.919999999999999987e-09 9.313333333333333464e-01
3.853333333333333055e-01 5.849999999999999645e-02 6.670000000000000373e-01 2.013333333333333825e-09 9.500000000000000666e-01
2.893333333333332757e-01 5.949999999999999734e-02 6.889999999999999458e-01 1.773333333333333413e-09 9.460000000000000631e-01
3.186666666666667647e-01 4.950000000000000233e-02 6.209999999999999964e-01 2.399999999999999984e-09 9.473333333333333606e-01
3.693333333333332913e-01 4.449999999999999789e-02 7.249999999999999778e-01 2.186666666666666560e-09 9.846666666666666901e-01
2.840000000000000302e-01 5.816666666666665819e-02 6.810000000000000497e-01 2.360000000000000122e-09 9.833333333333333925e-01
3.160000000000000031e-01 5.050000000000000322e-02 7.229999999999999760e-01 1.706666666666666770e-09 9.566666666666666652e-01
3.559999999999999831e-01 4.616666666666666141e-02 6.109999999999999876e-01 2.039999999999999986e-09 9.406666666666666510e-01
2.520000000000000018e-01 5.583333333333333898e-02 6.149999999999999911e-01 2.279999999999999985e-09 9.513333333333333641e-01
2.973333333333332829e-01 4.816666666666665625e-02 7.209999999999999742e-01 2.066666666666666561e-09 9.953333333333334032e-01
3.800000000000000044e-01 4.649999999999999967e-02 6.649999999999999245e-01 1.906666666666666700e-09 9.273333333333333428e-01
2.733333333333332615e-01 5.083333333333334147e-02 6.610000000000000320e-01 1.760000000000000126e-09 9.579999999999999627e-01
3.373333333333332629e-01 5.449999999999999983e-02 6.409999999999999032e-01 2.439999999999999846e-09 9.859999999999999876e-01
3.666666666666666963e-01 4.583333333333333703e-02 7.149999999999999689e-01 2.226666666666666422e-09 9.286666666666666403e-01
2.680000000000000160e-01 5.916666666666665908e-02 6.529999999999999138e-01 2.053333333333333687e-09 9.246666666666667478e-01
3.266666666666667718e-01 4.983333333333334059e-02 7.009999999999999565e-01 2.253333333333333824e-09 9.606666666666666687e-01
3.880000000000000115e-01 4.549999999999999878e-02 6.349999999999998979e-01 1.893333333333333826e-09 9.819999999999999840e-01
2.600000000000000089e-01 4.349999999999999700e-02 7.110000000000000764e-01 1.866666666666666424e-09 9.686666666666666758e-01
3.426666666666667305e-01 4.750000000000000056e-02 6.169999999999999929e-01 2.199999999999999848e-09 9.926666666666665861e-01
3.533333333333332771e-01 5.616666666666665642e-02 6.849999999999999423e-01 2.346666666666666421e-09 9.260000000000000453e-01
2.813333333333332686e-01 4.883333333333333970e-02 6.750000000000000444e-01 2.240000000000000123e-09 9.220000000000000417e-01
3.053333333333332900e-01 4.516666666666666052e-02 6.129999999999999893e-01 1.840000000000000057e-09 9.699999999999999734e-01
3.480000000000000315e-01 5.749999999999999556e-02 6.930000000000000604e-01 2.133333333333333825e-09 9.899999999999999911e-01
2.439999999999999947e-01 4.383333333333334220e-02 7.029999999999999583e-01 2.293333333333333686e-09 9.486666666666666581e-01
3.026666666666667505e-01 5.483333333333333809e-02 6.189999999999999947e-01 1.880000000000000125e-09 9.353333333333333499e-01
3.960000000000000187e-01 5.016666666666665803e-02 6.730000000000000426e-01 2.213333333333333962e-09 9.806666666666666865e-01
2.466666666666666730e-01 4.683333333333333792e-02 6.490000000000000213e-01 1.826666666666666563e-09 9.913333333333333997e-01
3.346666666666667234e-01 4.483333333333333615e-02 6.589999999999999192e-01 2.493333333333333822e-09 9.726666666666666794e-01
3.506666666666667376e-01 5.383333333333333720e-02 7.089999999999999636e-01 1.973333333333333550e-09 9.366666666666666474e-01
2.605333333333332835e-01 5.536666666666666126e-02 6.618000000000000549e-01 2.064000000000000317e-09 9.286666666666666403e-01
2.962666666666667337e-01 4.103333333333333138e-02 7.086000000000000076e-01 1.794666666666666466e-09 9.753333333333333854e-01
3.714666666666667227e-01 4.716666666666665536e-02 6.121999999999999664e-01 2.237333333333333879e-09 9.694666666666666988e-01
2.882666666666667266e-01 4.070000000000000007e-02 7.093999999999999195e-01 2.368000000000000095e-09 9.724000000000000421e-01
3.192000000000000393e-01 5.163333333333333663e-02 6.246000000000000441e-01 2.077333333333333604e-09 9.206666666666667442e-01
3.554666666666667085e-01 5.543333333333334140e-02 6.849999999999999423e-01 1.720000000000000057e-09 9.891999999999999682e-01
2.407999999999999863e-01 4.656666666666665899e-02 6.562000000000000055e-01 2.072000000000000290e-09 9.481333333333333835e-01
3.378666666666667595e-01 5.403333333333333599e-02 6.126000000000000334e-01 2.357333333333333465e-09 9.771999999999999575e-01
3.602666666666667350e-01 5.316666666666666069e-02 7.029999999999999583e-01 1.701333333333333455e-09 9.324000000000000066e-01
2.893333333333332757e-01 4.343333333333333768e-02 6.985999999999998877e-01 2.210666666666666477e-09 9.990666666666666584e-01
2.978666666666667240e-01 4.776666666666665867e-02 6.261999999999999789e-01 1.762666666666666784e-09 9.534666666666666845e-01
3.469333333333333158e-01 5.530000000000000193e-02 6.606000000000000760e-01 2.498666666666666310e-09 9.454666666666666774e-01
2.765333333333332977e-01 4.730000000000000177e-02 7.197999999999999954e-01 2.000000000000000125e-09 9.353333333333333499e-01
3.261333333333332751e-01 4.083333333333333259e-02 6.205999999999999295e-01 1.792000000000000016e-09 9.809333333333333238e-01
3.549333333333332674e-01 5.823333333333333833e-02 6.721999999999999087e-01 2.418666666666666586e-09 9.716000000000000192e-01
2.584000000000000186e-01 4.950000000000000233e-02 6.558000000000000496e-01 1.736000000000000209e-09 9.422666666666666968e-01
3.144000000000000128e-01 4.543333333333333945e-02 7.017999999999999794e-01 2.306666666666666559e-09 9.518666666666666387e-01
3.922666666666667634e-01 5.556666666666666005e-02 6.301999999999999824e-01 1.992000000000000152e-09 9.764000000000000457e-01
2.637333333333332641e-01 4.823333333333334333e-02 7.054000000000000270e-01 1.733333333333333552e-09 9.270666666666667055e-01
3.053333333333332900e-01 4.516666666666666052e-02 6.477999999999999314e-01 2.493333333333333822e-09 9.705333333333333590e-01
3.485333333333333061e-01 5.456666666666665916e-02 6.762000000000000233e-01 1.970666666666666479e-09 9.742666666666666142e-01
2.493333333333333235e-01 4.023333333333333622e-02 6.697999999999999510e-01 2.018666666666666313e-09 9.382666666666666933e-01
3.074666666666667214e-01 5.703333333333333866e-02 6.486000000000000654e-01 2.392000000000000012e-09 9.662666666666666071e-01
3.506666666666667376e-01 4.829999999999999571e-02 7.289999999999999813e-01 1.943999999999999904e-09 9.798666666666666636e-01
2.738666666666667027e-01 5.583333333333333898e-02 6.289999999999998925e-01 1.797333333333333744e-09 9.540000000000000702e-01
3.389333333333333087e-01 4.236666666666666359e-02 6.913999999999999035e-01 2.434666666666666531e-09 9.313333333333333464e-01
3.672000000000000264e-01 4.996666666666665924e-02 6.705999999999999739e-01 2.090666666666666478e-09 9.998666666666666814e-01
2.594666666666667343e-01 4.549999999999999878e-02 6.529999999999999138e-01 1.935999999999999932e-09 9.236000000000000876e-01
3.181333333333332680e-01 5.463333333333333930e-02 7.293999999999999373e-01 2.386666666666666283e-09 9.819999999999999840e-01
3.618666666666667253e-01 5.023333333333333817e-02 6.381999999999999895e-01 2.058666666666666589e-09 9.678666666666666529e-01
2.919999999999999818e-01 4.290000000000000063e-02 6.957999999999999741e-01 1.989333333333333908e-09 9.233333333333333393e-01
3.282666666666667066e-01 5.916666666666665908e-02 6.281999999999999806e-01 1.768000000000000099e-09 9.737333333333333396e-01
3.986666666666667247e-01 4.676666666666665778e-02 6.570000000000000284e-01 2.264000000000000040e-09 9.692000000000000615e-01
2.562666666666666981e-01 5.956666666666665666e-02 7.062000000000000499e-01 2.074666666666666533e-09 9.449333333333334028e-01
3.138666666666667382e-01 4.510000000000000120e-02 6.465999999999999526e-01 2.352000000000000150e-09 9.977333333333333609e-01
3.944000000000000283e-01 5.249999999999999806e-02 6.601999999999998980e-01 1.858666666666666452e-09 9.478666666666666352e-01
2.450666666666666549e-01 4.309999999999999942e-02 6.193999999999999506e-01 1.927999999999999960e-09 9.507999999999999785e-01
3.015999999999999792e-01 4.896666666666665835e-02 6.934000000000000163e-01 2.234666666666666394e-09 9.758666666666666600e-01
3.501333333333332964e-01 5.756666666666665488e-02 6.733999999999998876e-01 2.061333333333333660e-09 9.222666666666666790e-01
2.461333333333333151e-01 5.210000000000000048e-02 6.513999999999999790e-01 1.941333333333333660e-09 9.868000000000000105e-01
3.394666666666667498e-01 5.836666666666665698e-02 6.229999999999999982e-01 2.242666666666666367e-09 9.284000000000000030e-01
3.896000000000000574e-01 4.316666666666665875e-02 6.937999999999999723e-01 2.194666666666666533e-09 9.670666666666666300e-01
2.903999999999999915e-01 5.070000000000000201e-02 7.237999999999999989e-01 1.829333333333333634e-09 9.537333333333334329e-01
2.994666666666667143e-01 4.196666666666666601e-02 6.693999999999999950e-01 2.279999999999999985e-09 9.782666666666666178e-01
3.496000000000000218e-01 5.389999999999999653e-02 6.490000000000000213e-01 2.149333333333333769e-09 9.420000000000000595e-01
2.445333333333333248e-01 5.296666666666666190e-02 6.613999999999999879e-01 1.757333333333333469e-09 9.659999999999999698e-01
3.362666666666667137e-01 5.343333333333333962e-02 6.965999999999999970e-01 2.221333333333333934e-09 9.372000000000000330e-01
3.719999999999999973e-01 4.456666666666665721e-02 6.313999999999999613e-01 2.472000000000000149e-09 9.785333333333333661e-01
2.509333333333333416e-01 4.296666666666665996e-02 7.129999999999999671e-01 1.994666666666666396e-09 9.547999999999999821e-01
3.432000000000000051e-01 4.710000000000000298e-02 6.622000000000000108e-01 2.250666666666666339e-09 9.796000000000000263e-01
3.762666666666667492e-01 5.683333333333333987e-02 6.330000000000000071e-01 1.712000000000000085e-09 9.462666666666667004e-01
2.631999999999999895e-01 5.783333333333334075e-02 6.525999999999999579e-01 2.336000000000000205e-09 9.428000000000000824e-01
3.085333333333332706e-01 4.789999999999999813e-02 7.194000000000000394e-01 1.848000000000000029e-09 9.982666666666666355e-01
3.890666666666667273e-01 4.403333333333334099e-02 6.250000000000000000e-01 2.101333333333333522e-09 9.492000000000000437e-01
2.439999999999999947e-01 4.870000000000000023e-02 6.349999999999998979e-01 2.287999999999999957e-09 9.777333333333333432e-01
2.989333333333332732e-01 5.649999999999999467e-02 7.009999999999999565e-01 1.778666666666666728e-09 9.606666666666666687e-01
3.928000000000000380e-01 4.363333333333334341e-02 6.649999999999999245e-01 2.106666666666666423e-09 9.305333333333334345e-01
2.802666666666667195e-01 5.116666666666665891e-02 6.161999999999999700e-01 2.189333333333333631e-09 9.929333333333333345e-01
3.048000000000000154e-01 4.336666666666666448e-02 6.573999999999999844e-01 1.874666666666666397e-09 9.366666666666666474e-01
3.634666666666667156e-01 5.356666666666665827e-02 6.977999999999999758e-01 2.381333333333333795e-09 9.577333333333334364e-01
2.722666666666667123e-01 5.689999999999999919e-02 7.261999999999999567e-01 1.981333333333333936e-09 9.652000000000000579e-01
3.128000000000000225e-01 4.796666666666665746e-02 6.373999999999999666e-01 2.295999999999999930e-09 9.342666666666666897e-01
3.666666666666666963e-01 4.576666666666665689e-02 6.853999999999998982e-01 1.946666666666666562e-09 9.779999999999999805e-01
2.557333333333333125e-01 4.970000000000000112e-02 7.077999999999999847e-01 2.191999999999999875e-09 9.958666666666666778e-01
3.341333333333332822e-01 4.663333333333333913e-02 6.730000000000000426e-01 1.738666666666666866e-09 9.489333333333334064e-01
3.751999999999999780e-01 5.449999999999999983e-02 6.426000000000000600e-01 2.378666666666666311e-09 9.260000000000000453e-01
2.546666666666666523e-01 4.130000000000000338e-02 6.642000000000000126e-01 1.834666666666666535e-09 9.612000000000000544e-01
2.946666666666667433e-01 5.989999999999999492e-02 6.354000000000000759e-01 2.144000000000000041e-09 9.433333333333333570e-01
3.629333333333332745e-01 4.916666666666665714e-02 7.057999999999999829e-01 2.362666666666666366e-09 9.873333333333333961e-01
2.530666666666666620e-01 5.656666666666665400e-02 6.541999999999998927e-01 2.277333333333333741e-09 9.897333333333333538e-01
3.298666666666667524e-01 4.209999999999999853e-02 6.306000000000000494e-01 1.717333333333333400e-09 9.465333333333333377e-01
3.613333333333332842e-01 4.843333333333334212e-02 7.141999999999999460e-01 2.199999999999999848e-09 9.622666666666666035e-01
2.930666666666666975e-01 4.596666666666666262e-02 6.101999999999999647e-01 2.397333333333333740e-09 9.838666666666666671e-01
2.968000000000000083e-01 5.103333333333334026e-02 6.774000000000000021e-01 1.957333333333333605e-09 9.619999999999999662e-01
3.869333333333332958e-01 5.516666666666665553e-02 7.006000000000000005e-01 2.218666666666666450e-09 9.203999999999999959e-01
2.680000000000000160e-01 4.989999999999999991e-02 6.885999999999999899e-01 2.216000000000000206e-09 9.505333333333333412e-01
3.229333333333332945e-01 5.436666666666666037e-02 6.366000000000000547e-01 1.722666666666666715e-09 9.425333333333333341e-01
3.565333333333332577e-01 4.063333333333333380e-02 7.105999999999998984e-01 2.309333333333333630e-09 9.886666666666665826e-01
2.749333333333332519e-01 5.929999999999999855e-02 6.901999999999999247e-01 2.258666666666666312e-09 9.294666666666666632e-01
3.133333333333332416e-01 4.470000000000000362e-02 6.186000000000000387e-01 2.053333333333333687e-09 9.524000000000000243e-01
3.693333333333332913e-01 4.783333333333333881e-02 6.870000000000000551e-01 1.714666666666666743e-09 9.937333333333333574e-01
2.424000000000000044e-01 5.136666666666665770e-02 6.577999999999999403e-01 2.376000000000000067e-09 9.572000000000000508e-01
3.351999999999999980e-01 4.043333333333333501e-02 6.481999999999999984e-01 2.085333333333333577e-09 9.811999999999999611e-01
3.976000000000000090e-01 5.663333333333334108e-02 6.990000000000000657e-01 1.869333333333333496e-09 9.377333333333334187e-01
2.535999999999999921e-01 4.423333333333333978e-02 6.517999999999999350e-01 2.314666666666666532e-09 9.345333333333334380e-01
3.101333333333332609e-01 4.689999999999999725e-02 6.310000000000000053e-01 1.824000000000000112e-09 9.993333333333334068e-01
3.570666666666667544e-01 5.483333333333333809e-02 7.097999999999999865e-01 2.088000000000000234e-09 9.630666666666666265e-01
2.621333333333332738e-01 5.889999999999999403e-02 6.409999999999999032e-01 2.050666666666666203e-09 9.726666666666666794e-01
3.416000000000000147e-01 4.683333333333333792e-02 6.930000000000000604e-01 1.826666666666666563e-09 9.212000000000000188e-01
3.917333333333332668e-01 4.416666666666665964e-02 6.825999999999999845e-01 2.344000000000000177e-09 9.931999999999999718e-01
2.760000000000000231e-01 4.170000000000000095e-02 6.166000000000000369e-01 2.159999999999999986e-09 9.854666666666666019e-01
3.117333333333332512e-01 5.509999999999999620e-02 6.597999999999999421e-01 2.266666666666666284e-09 9.265333333333333199e-01
3.848000000000000309e-01 4.743333333333334123e-02 7.221999999999999531e-01 1.773333333333333413e-09 9.676000000000000156e-01
2.600000000000000089e-01 5.709999999999999798e-02 7.165999999999999037e-01 2.354666666666666394e-09 9.484000000000000208e-01
3.095999999999999863e-01 4.490000000000000241e-02 6.805999999999999828e-01 1.752000000000000154e-09 9.971999999999999753e-01
3.709333333333333371e-01 4.836666666666665504e-02 6.405999999999999472e-01 2.154666666666666671e-09 9.225333333333334274e-01
2.776000000000000134e-01 4.176666666666666722e-02 6.565999999999999615e-01 1.845333333333333578e-09 9.908000000000000140e-01
3.042666666666667408e-01 5.596666666666665763e-02 6.945999999999999952e-01 2.130666666666666340e-09 9.582666666666666000e-01
3.597333333333332939e-01 4.723333333333334244e-02 6.213999999999999524e-01 2.413333333333333685e-09 9.308000000000000718e-01
2.647999999999999798e-01 5.803333333333333954e-02 6.550000000000000266e-01 1.784000000000000043e-09 9.326666666666666439e-01
3.005333333333332635e-01 4.956666666666665472e-02 6.358000000000000318e-01 2.269333333333333769e-09 9.702666666666666107e-01
3.864000000000000212e-01 4.303333333333334010e-02 7.233999999999999320e-01 2.045333333333333715e-09 9.822666666666666213e-01
2.674666666666666859e-01 4.863333333333334091e-02 6.690000000000000391e-01 2.317333333333333603e-09 9.902666666666666284e-01
3.288000000000000367e-01 4.076666666666666633e-02 6.922000000000000375e-01 1.800000000000000195e-09 9.361333333333333728e-01
3.677333333333333010e-01 5.923333333333333922e-02 6.498000000000000442e-01 2.034666666666666258e-09 9.593333333333333712e-01
2.717333333333332712e-01 5.256666666666665738e-02 6.270000000000000018e-01 2.421333333333333657e-09 9.430666666666667197e-01
3.090666666666667117e-01 4.476666666666666294e-02 6.765999999999999792e-01 2.010666666666666341e-09 9.817333333333333467e-01
3.522666666666667279e-01 5.896666666666665335e-02 7.122000000000000552e-01 1.789333333333333772e-09 9.665333333333333554e-01
2.866666666666667362e-01 5.029999999999999749e-02 6.141999999999999682e-01 2.152000000000000013e-09 9.438666666666666316e-01
2.983999999999999986e-01 5.716666666666665730e-02 6.845999999999999863e-01 1.818666666666666590e-09 9.878666666666666707e-01
3.474666666666667014e-01 4.109999999999999765e-02 7.186000000000000165e-01 2.240000000000000123e-09 9.609333333333334171e-01
2.861333333333332951e-01 5.670000000000000040e-02 6.457999999999999297e-01 1.725333333333333579e-09 9.836000000000000298e-01
2.957333333333332925e-01 4.216666666666665786e-02 6.757999999999999563e-01 2.082666666666666506e-09 9.550666666666666194e-01
3.725333333333332719e-01 5.236666666666665859e-02 7.177999999999999936e-01 2.442666666666666503e-09 9.332000000000000295e-01
2.487999999999999934e-01 5.229999999999999927e-02 6.318000000000000282e-01 1.864000000000000181e-09 9.214666666666666561e-01
3.266666666666667718e-01 4.010000000000000370e-02 6.502000000000000002e-01 2.293333333333333686e-09 9.587999999999999856e-01
3.645333333333332648e-01 5.770000000000000129e-02 7.081999999999999407e-01 2.208000000000000233e-09 9.905333333333333767e-01
2.872000000000000108e-01 5.503333333333333688e-02 7.182000000000000606e-01 2.125333333333333852e-09 9.862666666666666249e-01
3.037333333333332996e-01 4.963333333333334180e-02 6.189999999999999947e-01 1.813333333333333689e-09 9.262666666666666826e-01
3.778666666666667395e-01 4.036666666666666875e-02 6.610000000000000320e-01 2.341333333333333520e-09 9.686666666666666758e-01
2.823999999999999844e-01 5.576666666666665884e-02 6.146000000000000352e-01 1.978666666666666451e-09 9.334666666666666668e-01
3.069333333333332803e-01 4.136666666666666964e-02 7.189999999999999725e-01 1.949333333333333633e-09 9.497333333333334293e-01
3.639999999999999902e-01 4.929999999999999660e-02 6.553999999999999826e-01 2.402666666666666641e-09 9.979999999999999982e-01
2.455999999999999850e-01 4.383333333333334220e-02 6.894000000000000128e-01 2.248000000000000095e-09 9.761333333333334084e-01
3.154666666666667285e-01 5.569999999999999951e-02 6.345999999999999419e-01 2.104000000000000179e-09 9.654666666666666952e-01
3.880000000000000115e-01 4.750000000000000056e-02 6.994000000000000217e-01 1.837333333333333606e-09 9.404000000000000137e-01
2.781333333333332880e-01 5.763333333333334196e-02 7.114000000000000323e-01 1.866666666666666424e-09 9.302666666666666861e-01
2.936000000000000276e-01 5.276666666666665617e-02 6.433999999999999719e-01 2.426666666666666559e-09 9.942666666666666320e-01
3.885333333333332861e-01 4.449999999999999789e-02 6.661999999999999034e-01 1.984000000000000180e-09 9.561333333333333906e-01
2.610666666666667246e-01 4.696666666666665657e-02 6.438000000000000389e-01 1.730666666666666687e-09 9.710666666666666336e-01
3.304000000000000270e-01 5.563333333333334019e-02 6.645999999999999686e-01 2.285333333333333713e-09 9.910666666666666513e-01
3.874666666666667370e-01 4.356666666666666327e-02 7.254000000000000448e-01 2.202666666666666505e-09 9.409333333333333993e-01
2.754666666666666930e-01 5.943333333333333801e-02 6.750000000000000444e-01 2.261333333333333796e-09 9.667999999999999927e-01
3.218666666666667453e-01 4.050000000000000128e-02 7.153999999999999249e-01 2.181333333333333659e-09 9.337333333333334151e-01
3.559999999999999831e-01 4.669999999999999846e-02 6.265999999999999348e-01 1.704000000000000113e-09 9.846666666666666901e-01
2.663999999999999702e-01 4.016666666666666996e-02 6.822000000000000286e-01 2.024000000000000042e-09 9.790666666666666407e-01
3.106666666666667576e-01 5.489999999999999741e-02 6.969999999999999529e-01 2.477333333333333878e-09 9.633333333333333748e-01
3.789333333333332887e-01 5.050000000000000322e-02 6.298000000000000265e-01 1.776000000000000071e-09 9.278666666666667284e-01
2.834666666666667001e-01 5.603333333333333777e-02 6.337999999999999190e-01 2.008000000000000097e-09 9.996000000000000441e-01
3.160000000000000031e-01 5.149999999999999717e-02 7.273999999999999355e-01 2.312000000000000288e-09 9.545333333333333448e-01
3.736000000000000432e-01 4.283333333333334131e-02 6.637999999999999456e-01 1.816000000000000140e-09 9.329333333333333922e-01
2.520000000000000018e-01 5.076666666666665440e-02 6.702000000000000179e-01 2.322666666666666504e-09 9.268000000000000682e-01
3.320000000000000173e-01 5.936666666666665787e-02 6.450000000000000178e-01 1.997333333333333881e-09 9.851999999999999647e-01
3.543999999999999928e-01 4.270000000000000184e-02 7.033999999999999142e-01 1.749333333333333496e-09 9.625333333333333519e-01
2.541333333333333222e-01 4.429999999999999910e-02 7.002000000000000446e-01 1.853333333333333758e-09 9.950666666666666549e-01
3.207999999999999741e-01 4.769999999999999934e-02 6.897999999999999687e-01 2.013333333333333825e-09 9.412000000000000366e-01
3.981333333333332836e-01 5.423333333333334172e-02 6.285999999999999366e-01 2.256000000000000068e-09 9.513333333333333641e-01
2.429333333333333067e-01 5.090000000000000080e-02 7.209999999999999742e-01 2.039999999999999986e-09 9.627999999999999892e-01
3.165333333333332777e-01 4.223333333333333800e-02 6.585999999999999632e-01 2.253333333333333824e-09 9.246666666666667478e-01
3.480000000000000315e-01 5.349999999999999895e-02 6.418000000000000371e-01 1.781333333333333799e-09 9.870666666666666478e-01
2.567999999999999727e-01 5.676666666666665972e-02 6.726000000000000867e-01 1.962666666666666507e-09 9.556000000000000050e-01
3.079999999999999960e-01 4.183333333333333348e-02 6.378000000000000336e-01 2.455999999999999791e-09 9.390666666666667162e-01
3.949333333333333029e-01 4.943333333333334301e-02 7.045999999999998931e-01 2.120000000000000124e-09 9.849333333333333274e-01
2.642666666666667052e-01 4.443333333333333857e-02 6.505999999999999561e-01 2.122666666666666368e-09 9.718666666666666565e-01
3.245333333333332848e-01 5.416666666666666158e-02 7.026000000000000023e-01 1.917333333333333743e-09 9.321333333333333693e-01
3.991999999999999993e-01 5.216666666666665980e-02 6.333999999999999631e-01 2.370666666666666338e-09 9.801333333333334119e-01
2.514666666666666717e-01 4.349999999999999700e-02 7.285999999999999144e-01 2.224000000000000178e-09 9.865333333333333732e-01
3.064000000000000057e-01 5.629999999999999588e-02 6.798000000000000709e-01 1.709333333333333428e-09 9.364000000000000101e-01
3.517333333333332868e-01 5.109999999999999959e-02 6.445999999999999508e-01 2.394666666666666669e-09 9.649333333333334206e-01
2.551999999999999824e-01 4.556666666666665810e-02 6.241999999999999771e-01 1.888000000000000098e-09 9.921333333333333115e-01
3.309333333333333016e-01 4.876666666666665956e-02 7.242000000000000659e-01 2.016000000000000069e-09 9.228000000000000647e-01
3.960000000000000187e-01 5.396666666666666279e-02 6.630000000000000338e-01 2.431999999999999874e-09 9.579999999999999627e-01
2.701333333333332809e-01 4.810000000000000386e-02 6.917999999999999705e-01 2.466666666666666420e-09 9.689333333333334242e-01
3.367999999999999883e-01 4.323333333333333889e-02 6.153999999999999471e-01 2.167999999999999958e-09 9.273333333333333428e-01
3.810666666666667757e-01 5.776666666666666061e-02 6.582000000000000073e-01 1.786666666666666494e-09 9.739999999999999769e-01
2.877333333333332854e-01 4.636666666666666020e-02 7.089999999999999636e-01 2.272000000000000012e-09 9.257333333333334080e-01
3.256000000000000005e-01 5.290000000000000258e-02 6.129999999999999893e-01 1.872000000000000153e-09 9.598666666666666458e-01
3.837333333333332597e-01 5.723333333333333744e-02 6.841999999999999194e-01 2.002666666666666368e-09 9.956000000000000405e-01
2.589333333333332932e-01 5.623333333333333656e-02 6.209999999999999964e-01 2.274666666666666256e-09 9.657333333333333325e-01
3.405333333333332990e-01 4.436666666666665843e-02 7.037999999999999812e-01 2.098666666666666451e-09 9.961333333333333151e-01
3.490666666666667473e-01 5.223333333333333994e-02 6.670000000000000373e-01 1.821333333333333661e-09 9.276000000000000911e-01
2.472000000000000031e-01 5.476666666666665795e-02 7.066000000000000059e-01 1.770666666666666756e-09 9.521333333333333870e-01
3.175999999999999934e-01 4.703333333333334365e-02 6.865999999999999881e-01 2.437333333333333602e-09 9.953333333333334032e-01
3.512000000000000122e-01 4.056666666666666754e-02 6.430000000000000160e-01 2.026666666666666286e-09 9.395999999999999908e-01
2.658666666666666956e-01 4.250000000000000305e-02 6.393999999999999684e-01 2.365333333333333437e-09 9.601333333333333941e-01
2.952000000000000179e-01 5.469999999999999862e-02 7.246000000000000218e-01 1.808000000000000167e-09 9.859999999999999876e-01
3.821333333333333249e-01 5.063333333333334269e-02 6.794000000000000039e-01 2.042666666666666230e-09 9.297333333333334116e-01
2.626666666666667149e-01 4.483333333333333615e-02 6.106000000000000316e-01 2.213333333333333962e-09 9.532000000000000473e-01
3.234666666666667356e-01 4.936666666666665593e-02 7.041999999999999371e-01 1.744000000000000181e-09 9.734666666666667023e-01
3.800000000000000044e-01 5.843333333333333712e-02 6.837999999999999634e-01 2.373333333333333823e-09 9.388000000000000789e-01
2.653333333333332544e-01 4.390000000000000152e-02 6.225999999999999313e-01 1.741333333333333524e-09 9.310666666666667091e-01
3.336000000000000076e-01 4.736666666666665415e-02 6.593999999999999861e-01 2.170666666666666615e-09 9.516000000000000014e-01
3.698666666666667324e-01 5.616666666666665642e-02 7.126000000000000112e-01 2.461333333333333519e-09 9.804000000000000492e-01
2.797333333333332783e-01 5.336666666666665948e-02 6.781999999999999140e-01 2.069333333333333632e-09 9.969333333333333380e-01
3.421333333333332893e-01 4.643333333333334034e-02 7.225999999999999091e-01 2.304000000000000316e-09 9.300000000000000488e-01
3.768000000000000238e-01 4.803333333333334454e-02 6.149999999999999911e-01 1.842666666666666507e-09 9.596000000000000085e-01
2.696000000000000063e-01 4.089999999999999886e-02 6.401999999999999913e-01 2.405333333333333713e-09 9.881333333333333080e-01
3.149333333333332874e-01 5.736666666666665609e-02 7.206000000000000183e-01 2.138666666666666312e-09 9.243999999999999995e-01
3.741333333333333178e-01 4.763333333333334002e-02 6.546000000000000707e-01 1.746666666666666839e-09 9.641333333333333977e-01
2.690666666666667317e-01 5.443333333333334051e-02 6.713999999999999968e-01 2.485333333333333850e-09 9.756000000000000227e-01
3.277333333333332654e-01 4.563333333333333824e-02 6.441999999999999948e-01 1.904000000000000042e-09 9.684000000000000385e-01
3.831999999999999851e-01 5.096666666666666012e-02 7.217999999999999972e-01 2.146666666666666698e-09 9.369333333333333957e-01
2.898666666666667169e-01 5.056666666666665561e-02 6.742000000000000215e-01 1.840000000000000057e-09 9.241333333333333622e-01
3.384000000000000341e-01 4.616666666666666141e-02 7.266000000000000236e-01 2.429333333333333630e-09 9.673333333333333783e-01
3.608000000000000096e-01 5.909999999999999976e-02 6.341999999999999860e-01 2.229333333333333907e-09 9.830666666666666442e-01
2.818666666666667098e-01 4.123333333333333711e-02 6.370000000000000107e-01 2.117333333333333880e-09 9.393333333333333535e-01
3.314666666666667427e-01 5.976666666666665545e-02 6.678000000000000602e-01 2.282666666666666229e-09 9.473333333333333606e-01
3.842666666666667563e-01 5.203333333333334115e-02 7.110000000000000764e-01 1.856000000000000208e-09 9.899999999999999911e-01
2.504000000000000115e-01 4.096666666666666512e-02 6.777999999999999581e-01 2.423999999999999901e-09 9.574666666666666881e-01
3.346666666666667234e-01 5.129999999999999838e-02 7.137999999999999901e-01 2.141333333333333797e-09 9.894666666666666055e-01
3.746666666666667034e-01 5.696666666666665851e-02 6.421999999999999931e-01 1.893333333333333826e-09 9.252000000000000224e-01
2.829333333333332590e-01 4.610000000000000209e-02 7.281999999999999584e-01 2.205333333333333576e-09 9.646666666666666723e-01
3.250666666666667259e-01 5.369999999999999774e-02 6.238000000000000211e-01 2.458666666666666448e-09 9.358666666666666245e-01
3.970666666666667344e-01 5.123333333333333905e-02 6.653999999999999915e-01 1.885333333333333854e-09 9.825333333333333696e-01
2.813333333333332686e-01 4.163333333333333469e-02 6.294000000000000705e-01 1.914666666666666672e-09 9.699999999999999734e-01
3.447999999999999954e-01 5.609999999999999709e-02 7.258000000000000007e-01 1.968000000000000235e-09 9.889333333333333309e-01
3.623999999999999999e-01 4.883333333333333970e-02 6.789999999999999369e-01 2.389333333333333768e-09 9.292000000000000259e-01
2.418666666666666742e-01 5.190000000000000169e-02 6.785999999999999810e-01 2.165333333333333714e-09 9.750666666666666371e-01
3.373333333333332629e-01 4.396666666666666085e-02 6.258000000000000229e-01 1.861333333333333730e-09 9.238666666666667249e-01
3.954666666666667441e-01 5.816666666666665819e-02 6.949999999999999512e-01 2.245333333333333851e-09 9.644000000000000350e-01
2.888000000000000012e-01 4.756666666666665988e-02 7.229999999999999760e-01 2.410666666666666614e-09 9.857333333333333503e-01
3.026666666666667505e-01 5.969999999999999613e-02 6.717999999999999527e-01 2.005333333333333853e-09 9.355999999999999872e-01
3.784000000000000141e-01 4.276666666666666117e-02 6.321999999999999842e-01 1.951999999999999877e-09 9.732000000000000650e-01
2.845333333333333048e-01 4.569999999999999757e-02 6.889999999999999458e-01 1.810666666666666618e-09 9.564000000000000279e-01
3.272000000000000464e-01 5.949999999999999734e-02 7.014000000000000234e-01 2.399999999999999984e-09 9.315999999999999837e-01
3.661333333333333107e-01 5.243333333333333873e-02 6.234000000000000652e-01 2.173333333333333687e-09 9.918666666666666742e-01
2.413333333333333164e-01 5.323333333333334083e-02 6.325999999999999401e-01 2.175999999999999930e-09 9.417333333333334222e-01
3.213333333333332487e-01 5.809999999999999887e-02 7.278000000000000025e-01 1.938666666666666589e-09 9.502666666666667039e-01
3.538666666666667182e-01 4.370000000000000273e-02 6.882000000000000339e-01 2.496000000000000066e-09 9.747999999999999998e-01
2.792000000000000037e-01 4.589999999999999636e-02 6.461999999999999966e-01 2.096000000000000207e-09 9.988000000000000211e-01
3.032000000000000250e-01 5.383333333333333720e-02 6.874000000000000110e-01 2.464000000000000177e-09 9.318666666666666210e-01
3.704000000000000070e-01 5.263333333333333752e-02 6.942000000000000393e-01 1.765333333333333441e-09 9.604000000000000314e-01
2.498666666666666536e-01 4.376666666666666206e-02 7.157999999999999918e-01 2.328000000000000233e-09 9.510666666666666158e-01
3.170666666666667188e-01 5.829999999999999766e-02 6.385999999999999455e-01 1.850666666666666480e-09 9.220000000000000417e-01
3.826666666666667105e-01 5.269999999999999685e-02 6.709999999999999298e-01 2.186666666666666560e-09 9.766666666666666829e-01
2.727999999999999869e-01 5.003333333333333938e-02 7.149999999999999689e-01 2.448000000000000232e-09 9.444000000000000172e-01
3.058666666666667311e-01 5.883333333333333470e-02 6.589999999999999192e-01 1.890666666666666755e-09 9.617333333333333290e-01
3.757333333333332526e-01 4.496666666666666173e-02 6.361999999999999877e-01 2.197333333333333604e-09 9.926666666666665861e-01
2.615999999999999992e-01 4.256666666666666238e-02 6.814000000000000057e-01 1.754666666666666811e-09 9.348000000000000753e-01
2.973333333333332829e-01 5.796666666666665940e-02 6.253999999999999559e-01 2.290666666666666201e-09 9.876000000000000334e-01
3.997333333333332739e-01 5.143333333333333784e-02 6.973999999999999089e-01 2.029333333333333770e-09 9.569333333333334135e-01
2.573333333333333028e-01 5.849999999999999645e-02 6.925999999999999934e-01 2.037333333333333743e-09 9.814666666666665984e-01
3.122666666666667479e-01 4.030000000000000249e-02 6.682000000000000162e-01 1.802666666666666439e-09 9.681333333333334012e-01
3.911999999999999922e-01 4.856666666666666077e-02 6.493999999999999773e-01 2.330666666666666477e-09 9.441333333333333799e-01
2.466666666666666730e-01 4.583333333333333703e-02 6.858000000000000762e-01 2.133333333333333825e-09 9.254666666666666597e-01
2.999999999999999889e-01 5.310000000000000137e-02 6.954000000000000181e-01 2.338666666666666449e-09 9.974666666666666126e-01
3.805333333333332790e-01 5.409999999999999531e-02 6.201999999999999735e-01 1.960000000000000263e-09 9.486666666666666581e-01
2.909333333333332661e-01 5.036666666666665682e-02 6.673999999999998822e-01 1.805333333333333717e-09 9.844000000000000528e-01
3.325333333333332919e-01 4.503333333333334187e-02 6.169999999999999929e-01 2.384000000000000039e-09 9.553333333333333677e-01
3.650666666666667615e-01 5.863333333333333591e-02 7.101999999999999424e-01 2.093333333333333549e-09 9.385333333333334416e-01
2.669333333333333003e-01 5.196666666666666101e-02 6.397999999999999243e-01 2.055999999999999931e-09 9.636000000000000121e-01
3.112000000000000322e-01 4.603333333333334276e-02 7.174000000000000377e-01 1.706666666666666770e-09 9.380000000000000560e-01
3.858666666666667466e-01 5.523333333333334261e-02 6.769999999999999352e-01 2.360000000000000122e-09 9.948000000000000176e-01
2.685333333333332906e-01 4.003333333333333743e-02 6.961999999999999300e-01 2.226666666666666422e-09 9.350666666666667126e-01
3.240000000000000102e-01 5.303333333333334204e-02 6.625999999999999668e-01 1.728000000000000030e-09 9.638666666666666494e-01
3.592000000000000193e-01 5.589999999999999830e-02 6.390000000000000124e-01 2.482666666666666365e-09 9.913333333333333997e-01
2.434666666666666646e-01 4.909999999999999781e-02 6.905999999999999917e-01 1.912000000000000015e-09 9.452000000000000401e-01
3.458666666666667666e-01 5.876666666666666150e-02 6.221999999999999753e-01 2.439999999999999846e-09 9.566666666666666652e-01
3.773333333333332984e-01 4.203333333333333921e-02 6.738000000000000655e-01 2.080000000000000262e-09 9.963999999999999524e-01
2.525333333333333319e-01 4.983333333333334059e-02 6.178000000000000158e-01 1.906666666666666700e-09 9.460000000000000631e-01
3.197333333333332583e-01 5.870000000000000218e-02 6.877999999999999670e-01 2.066666666666666561e-09 9.923999999999999488e-01
3.816000000000000503e-01 4.523333333333334066e-02 6.997999999999999776e-01 2.415999999999999929e-09 9.500000000000000666e-01
2.807999999999999940e-01 4.850000000000000144e-02 6.453999999999999737e-01 2.469333333333333905e-09 9.209333333333333815e-01
3.202666666666666995e-01 5.996666666666665424e-02 7.213999999999999302e-01 2.109333333333333494e-09 9.729333333333334277e-01
3.730666666666667686e-01 4.150000000000000216e-02 6.666000000000000814e-01 1.760000000000000126e-09 9.774666666666665948e-01
2.706666666666667220e-01 4.263333333333334252e-02 6.810000000000000497e-01 2.445333333333333574e-09 9.934666666666666091e-01
3.410666666666667401e-01 5.043333333333334390e-02 6.113999999999999435e-01 2.178666666666666588e-09 9.475999999999999979e-01
3.656000000000000361e-01 5.376666666666665706e-02 7.297999999999998932e-01 1.901333333333333799e-09 9.446666666666666545e-01
2.477333333333333332e-01 5.496666666666665674e-02 6.834000000000000075e-01 2.480000000000000121e-09 9.406666666666666510e-01
3.186666666666667647e-01 5.169999999999999596e-02 6.473999999999999755e-01 2.047999999999999959e-09 9.883999999999999453e-01
3.901333333333333320e-01 4.156666666666666843e-02 7.117999999999999883e-01 1.933333333333333688e-09 9.542666666666665964e-01
2.482666666666666633e-01 5.330000000000000016e-02 7.021999999999999353e-01 2.032000000000000014e-09 9.281333333333333657e-01
3.426666666666667305e-01 4.529999999999999999e-02 6.657999999999999474e-01 2.450666666666666476e-09 9.529333333333334100e-01
3.581333333333333035e-01 5.643333333333333535e-02 6.133999999999999453e-01 1.925333333333333716e-09 9.939999999999999947e-01
2.770666666666666833e-01 5.550000000000000072e-02 6.273999999999999577e-01 2.232000000000000151e-09 9.217333333333334044e-01
3.453333333333332700e-01 4.649999999999999967e-02 7.249999999999999778e-01 1.898666666666666728e-09 9.494666666666666810e-01
3.906666666666667176e-01 4.923333333333334422e-02 6.754000000000000004e-01 2.490666666666666338e-09 9.769333333333333202e-01
2.733333333333332615e-01 5.009999999999999870e-02 7.050000000000000711e-01 1.922666666666666645e-09 9.806666666666666865e-01
3.293333333333333113e-01 5.856666666666665577e-02 6.138000000000000123e-01 1.976000000000000207e-09 9.470666666666666123e-01
3.688000000000000167e-01 4.189999999999999974e-02 6.510000000000000231e-01 2.333333333333333548e-09 9.374666666666666703e-01
2.855999999999999650e-01 5.963333333333333680e-02 7.146000000000000130e-01 2.349333333333333492e-09 9.721333333333334048e-01
3.442666666666667208e-01 4.536666666666665931e-02 6.862000000000000322e-01 2.157333333333333742e-09 9.201333333333333586e-01
3.794666666666667298e-01 4.889999999999999902e-02 6.277999999999999137e-01 1.930666666666666617e-09 9.945333333333333803e-01
2.402666666666666562e-01 4.630000000000000088e-02 6.802000000000000268e-01 1.973333333333333550e-09 9.745333333333333625e-01
3.400000000000000244e-01 5.903333333333334043e-02 7.161999999999999478e-01 2.346666666666666421e-09 9.590666666666666229e-01
3.586666666666667447e-01 4.816666666666665625e-02 6.413999999999999702e-01 1.954666666666666534e-09 9.414666666666666739e-01
2.578666666666666885e-01 5.283333333333334325e-02 7.134000000000000341e-01 2.320000000000000260e-09 9.707999999999999963e-01
3.224000000000000199e-01 4.623333333333334155e-02 6.181999999999999718e-01 2.112000000000000151e-09 9.833333333333333925e-01
3.533333333333332771e-01 5.743333333333333623e-02 6.745999999999999774e-01 1.882666666666666369e-09 9.457333333333334258e-01
2.850666666666666904e-01 5.363333333333333841e-02 7.269999999999999796e-01 2.114666666666666395e-09 9.435999999999999943e-01
3.464000000000000412e-01 4.329999999999999821e-02 6.533999999999999808e-01 1.880000000000000125e-09 9.966666666666665897e-01
3.853333333333333055e-01 5.016666666666665803e-02 6.158000000000000140e-01 2.474666666666666393e-09 9.558666666666666423e-01
2.786666666666667291e-01 5.636666666666666214e-02 6.118000000000000105e-01 1.877333333333333881e-09 9.788000000000000034e-01
3.010666666666667601e-01 5.083333333333334147e-02 6.633999999999999897e-01 2.407999999999999956e-09 9.526666666666666616e-01
3.682666666666667421e-01 4.243333333333333679e-02 7.074000000000000288e-01 1.986666666666666424e-09 9.289333333333333886e-01
2.711999999999999966e-01 5.430000000000000104e-02 7.170000000000000817e-01 2.301333333333333658e-09 9.230666666666667020e-01
2.941333333333333022e-01 4.976666666666665351e-02 6.173999999999999488e-01 1.896000000000000070e-09 9.793333333333333890e-01
3.528000000000000025e-01 4.143333333333333590e-02 6.829999999999999405e-01 2.162666666666666643e-09 9.467999999999999750e-01
2.743999999999999773e-01 5.176666666666665528e-02 6.218000000000000194e-01 2.488000000000000094e-09 9.713333333333333819e-01
3.437333333333332797e-01 4.230000000000000426e-02 7.069999999999999618e-01 1.832000000000000084e-09 9.916000000000000369e-01
3.933333333333333126e-01 5.790000000000000008e-02 6.537999999999999368e-01 2.128000000000000096e-09 9.340000000000000524e-01
2.914666666666667072e-01 4.903333333333334543e-02 6.685999999999999721e-01 2.136000000000000069e-09 9.249333333333333851e-01
3.357333333333332726e-01 4.116666666666666391e-02 6.198000000000000176e-01 2.325333333333333575e-09 9.841333333333333044e-01
3.965333333333332932e-01 5.749999999999999556e-02 6.981999999999999318e-01 1.919999999999999987e-09 9.697333333333333361e-01
2.840000000000000302e-01 4.463333333333333736e-02 6.817999999999999616e-01 2.453333333333333547e-09 9.398666666666666281e-01
3.330666666666667330e-01 5.156666666666666343e-02 6.909999999999999476e-01 1.909333333333333771e-09 9.985333333333333838e-01
3.576000000000000290e-01 5.729999999999999677e-02 6.109999999999999876e-01 2.183999999999999903e-09 9.585333333333333483e-01
2.925333333333333119e-01 4.410000000000000031e-02 7.201999999999999513e-01 2.021333333333333798e-09 9.828000000000000069e-01
3.021333333333332538e-01 5.183333333333334236e-02 6.469999999999999085e-01 1.965333333333333578e-09 9.401333333333333764e-01
3.938666666666667537e-01 5.983333333333333559e-02 6.522000000000000020e-01 2.298666666666666587e-09 9.614666666666666917e-01
